MESSAGE: Execution of "./build_llvm_project.sh" failed

STDOUT:
8280 13210
8348 13210
8375 13210
8416 13210
8443 13210
8482 13210
8490 13210
8491 13210
8569 13210
8626 13210
8627 13210
8648 13210
8692 13210
8740 13210
8748 13210
8749 13210
8812 13210
8854 13210
8861 13210
8862 13210
8929 13210
8972 13210
9020 13210
9027 13210
9028 13210
9048 13210
9092 13210
9146 13210
9147 13210
9215 13210
9278 13210
9320 13210
9321 13210
9392 13210
9405 13210
9457 13210
9458 13210
9528 13210
9560 13210
9612 13210
9613 13210
9686 13210
9756 13210
9790 13210
9856 13210
9857 13210
9858 13210
9887 13210
9888 13210
9955 13210
9973 13210
10020 13210
10034 13210
10087 13210
10088 13210
10159 13210
10172 13210
10220 13210
10234 13210
10288 13210
10289 13210
10290 13210
10341 13210
10393 13210
10394 13210
10444 13210
10510 13210
10511 13210
10561 13210
10627 13210
10628 13210
10690 13210
10756 13210
10783 13210
10784 13210
10851 13210
10924 13210
10980 13210
10981 13210
11051 13210
11109 13210
11171 13210
11201 13210
11202 13210
11269 13210
11332 13210
11396 13210
11428 13210
11429 13210
11493 13210
11558 13210
11573 13210
11636 13210
11667 13210
11668 13210
11734 13210
11799 13210
11814 13210
11879 13210
11912 13210
11913 13210
11957 13210
12026 13210
12027 13210
12071 13210
12140 13210
12141 13210
12192 13210
12268 13210
12275 13210
12276 13210
12339 13210
12369 13210
12424 13210
12452 13210
12477 13210
12478 13210
12527 13210
12585 13210
12616 13210
12641 132Segmentation fault
[2660/3110] Building CXX object tools/clang/lib/Tooling/Inclusions/CMakeFiles/obj.clangToolingInclusions.dir/StandardLibrary.cpp.o
[2661/3110] Building CXX object tools/clang/lib/Tooling/Syntax/CMakeFiles/obj.clangToolingSyntax.dir/TokenBufferTokenManager.cpp.o
[2662/3110] Building CXX object tools/clang/lib/Tooling/Syntax/CMakeFiles/obj.clangToolingSyntax.dir/Mutations.cpp.o
[2663/3110] Building CXX object tools/clang/lib/Tooling/Refactoring/CMakeFiles/obj.clangToolingRefactoring.dir/Rename/USRLocFinder.cpp.o
[2664/3110] Building CXX object tools/clang/lib/Tooling/Syntax/CMakeFiles/obj.clangToolingSyntax.dir/BuildTree.cpp.o
ninja: build stopped: subcommand failed.


STDERR:
Command exited with non-zero status 1
8344.55user 368.06system 24:21.96elapsed 595%CPU (0avgtext+0avgdata 2084732maxresident)k
1600inputs+21201896outputs (554major+223556425minor)pagefaults 0swaps
